1000000101000011
0100000000000000
0110000000000001
0100000000010010
1000001001011001
0000001000010011
0100000000000111
0100000000101110
1000000101011111
0100000000000010
1000001000010100
0100000000010100
0100000000001111
0110000000000111
0100000000011011
1000000100110000
0100000000011100
0100000000001110
1000001001010001
0000000111000000
0110000000000010
1000000111111100
0100000000011001
0100000000011001
1000000000000001
1000000110111010
0100000000011111
0110000000001100
0100000000101101
1000000000000001
1000000010101110
0000000100100100
1000000001011101
0100000000011101
0100000000101110
0100000000010111
0110000000000101
1000000110111110
0100000000100100
1000000001110011
0100000000011011
0000000010111010
1000000110101001
1000000110000110
0110000000001001
0000001000110000
0100000000000010
1000000011111111
0110000000010001
0100000000110000
1000000010000011
0100000000100101
0100000000000110
0100000000000000
0100000000000000
1000001000011011
0100000000101001
0100000000000010
0100000000101101
0100000000000000
1000000100100011
1000001000001101
0110000000000010
0100000000101110
0110000000001011
1000000101111101
0100000000010001
0100000000000111
1000000011010111
0110000000001101
0100000000000100
1000000000000001
0100000000110010
1010000000101000
0110000000001010
0100000000100110
1000000100000000
0100000000011111
0100000000000101
0100000000000001
0100000000101000
1010000000010100
0100000000011010
0100000000011101
0000000011111000
0000000110001010
1000000010101001
0100000000001111
0110000000000001
1000000000000001
0110000000001011
1000000001100011
0110000000001100
0000000111100101
0010000000000010
1000000011001000
0100000000000111
0100000000010111
0100000000101011
0100000000110001
1000000011110101
0100000000000110
0100000000100100
1000000000000001
0000000110000010
1000000010000010
0100000000000100
0100000000001100
0100000000100001
0000000110111011
1000000010111001
0110000000000111
1010000001001000
0100000000000101
0100000000011000
0110000000001001
1010000001001100
1000000100011110
0100000000110010
0100000000010100
1010000001010000
0100000000011011
1000000000101001
0000000111010001
1000000011011101
1000000000000001
0100000000001001
0100000000001001
0100000000000000
1010000000010010
0100000000101010
0000000010101011
0100000000100100
1000000000111001
0100000000011001
1000000000000001
1000000011111000
0110000000000001
0100000000001011
0010000000010110
1000000010101001
0110000000001010
0110000000000101
1000000100010010
1000000101110111
1010000001011110
0110000000010001
0100000000100000
0000000010101111
0100000000100011
1000000100101110
1010000000100010
0100000000000000
1000000000111010
0100000000011110
0100000000010100
0100000000000011
0100000000001001
1010000001111101
0100000000101001
0100000000011000
0100000000000110
1010000010000001
0100000000100000
0100000000100000
0100000000011100
0100000000000010
1010000010010100
0100000000000101
0010000010000001
0110000000010010
0100000000010101
1000000110100110
0100000000000101
0100000000010101
0100000000010001
1000000001110000
1000000110010001
0100000000100000
1000000011000000
1010000000011010
0100000000000111
0100000000010111
0000000100011100
0110000000010010
1000000110101010
0100000000010011
0110000000000101
0110000000001010
1010000001011000
0000000101010011
0110000000000010
1010000000001011
0100000000000001
0100000000011010
0100000000000011
0100000000101111
1000000001100010
0110000000000011
1000000001111100
0100000000011100
0100000000001010
0100000000101101
1000000110011010
0110000000010001
0100000000010001
0110000000000100
1000000000000001
1000000011101110
1000000000000001
1000000001010101
0000000011010110
1010000010010111
1010000000101000
0100000000100110
1010000001111011
0100000000010111
0100000000101110
0100000000011101
1000000000111000
1000000001011001
1010000001001100
0010000001100001
0100000000101010
0100000000101000
1010000010110101
1010000010100101
0100000000000101
0100000000100100
0100000000010011
1000000001101010
0100000000101011
0100000000110000
0100000000011010
1010000001101101
0100000000110000
0100000000001111
1000000100111011
0100000000010010
1000000010100100
1010000000011010
0100000000010010
0100000000000110
0100000000010010
1010000001110111
1000000000000001
1000000011101001
0100000000000100
0100000000100000
0100000000101110
1010000010101000
1000000011111111
0100000000001101
0100000000000100
1000000011101100
0100000000000010
1010000000010000
0100000000011111
1000000010011011
1010000000001000
0100000000100011
0100000000001111
1010000011010011
1000000001001101
1010000010100011
0100000000011000
1000000000000001
0100000000001111
0000000001001101
1000000100100011
0110000000000011
0100000000000111
0100000000101010
0100000000000111
1000000100111010
0100000000000010
0100000000000100
1010000001000010
0100000000001001
0110000000000100
0100000000110001
0100000000011100
1010000000000111
1000000010101110
0100000000000011
0110000000010011
0100000000001111
1010000000000100
0100000000100100
1000000100100001
0000000011011011
0100000000100100
0110000000001101
0100000000001011
1010000010001111
0100000000011101
0100000000100000
0100000000001000
1000000100011011
0100000000101001
0100000000011000
1010000001100111
0100000000101011
1000000001101110
0110000000010010
0100000000001110
0010000011111111
0110000000000001
1010000001101110
0100000000011111
0100000000101111
0000000010110011
0000000100001010
1000000010111001
0110000000000111
0110000000000110
0110000000010000
0100000000001100
1000000000001010
0100000000001100
1000000000000001
1010000001001100
1000000100010110
1000000001110110
0100000000011110
0100000000000100
0110000000000100
1000000000001001
1000000010111111
0100000000001001
0100000000010111
1010000010000101
1010000001000101
0100000000101010
0100000000010000
1000000100010100
0100000000001100
0100000000110001
1000000100010011
1000000010011111
1000000000000001
0100000000101010
1010000000001110
0110000000010000
1000000011101010
1000000001101011
0100000000100011
0100000000100111
0000000000100100
0100000000000110
1010000011011000
0100000000100100
0100000000101000
1010000010000101
0100000000011010
0010000011010010
0100000000101110
1000000000000001
1010000000001101
0110000000000100
0100000000010011
0000000011010000
0100000000011011
1000000011101101
0000000011001101
0100000000100011
1000000000111011
1000000011011011
0100000000010000
0100000000010010
1010000011111001
1000000000000001
0100000000011110
0100000000000111
1010000011011100
0100000000001100
1010000000000101
0100000000101010
0100000000011110
0100000000100001
1010000001111001
0100000000101111
0110000000000111
1000000000101010
1010000000000111
1010000101001110
1010000101101000
0100000000000000
0100000000110010
1010000100101001
1010000000000100
0010000000110011
0010000100100011
0100000000101111
1010000001110111
0110000000010011
0100000000001100
1000000001100010
0100000000010011
0100000000001010
0100000000100000
0100000000000000
1000000010010010
0100000000000110
0110000000001100
0100000000010010
0100000000001001
1000000000011010
0100000000001010
0100000000000001
0100000000011000
0100000000001011
1000000000111101
0100000000010100
1010000100010001
0100000000101111
1000000010010000
0110000000000111
0100000000011011
1000000001111011
0100000000110010
0110000000001000
0010000010110110
0110000000001111
1010000100100010
0110000000001111
0010000010010111
0100000000010111
0100000000101101
1000000001011101
0100000000100000
0100000000100111
1010000011111110
0100000000101111
0100000000000010
0100000000000101
0110000000000101
1000000001011100
0110000000000101
0010000110101100
1000000001000010
0100000000101100
0010000101000101
0000000000101111
1000000000100011
1000000000000001
0100000000101110
0100000000101010
0100000000001011
1010000001110101
0100000000001110
1010000101010100
1000000001110101
0100000000000011
0010000010110011
0010000001000001
1010000010100001
0010000010101110
0100000000010010
1000000010101100
0100000000101100
0100000000011100
1010000001011011
1010000101101010
0100000000101110
0100000000010001
1000000010001011
0100000000110010
0100000000010111
1010000001011100
0100000000000000
0100000000001100
1010000010001000
0100000000011110
0110000000001111
1010000100011101
0100000000101010
0100000000001011
1010000101101001
0000000000111001
0110000000001011
1010000011011000
1000000000001000
0100000000010010
1010000110100010
0110000000001000
0100000000011111
0010000000000100
0010000000011111
1010000110100111
0100000000010100
1010000100001000
0110000000000111
0100000000001011
1010000101011101
1010000000010110
0000000000101110
1000000001100111
0110000000001001
0010000000111010
0100000000101001
1010000010000110
0010000000110010
0100000000001100
0100000000001101
1010000010101001
1010000111101111
0010000001001010
1010000101111111
0100000000110000
0010000100110010
0100000000010111
0100000000001010
1010000100111011
0100000000000111
0010000101010110
0100000000010111
0100000000011100
1010000000010111
1010000100101001
0100000000101111
1010000010000011
0110000000001011
0100000000011101
1000000000000001
1010000000111110
0100000000100000
0100000000011010
1010000011001101
0100000000100010
0100000000101011
0010000100110101
0100000000100101
1010001000010000
0000000000110110
1010000010010101
0110000000001101
1010000100000110
0100000000000010
0010000110001010
0100000000101101
1010000001110100
0100000000001101
0100000000000000
0100000000000110
0100000000101101
1010000111010000
1010000101010111
1010000110011110
0110000000000101
0100000000001010
1000000000111110
0110000000000001
0010000100111001
0100000000100011
0100000000110001
1010000110110011
0100000000000001
0100000000000111
1010000000110010
0010000110011111
0100000000001001
0100000000010110
1010000010101000
0010001000101111
1010000101101111
0010000010001101
1010000010001110
1010000101110010
0010000001001010
0100000000000010
0110000000010011
1010000111110010
0100000000101111
0100000000110000
0100000000011011
0100000000101001
1010000010110110
1010000011011011
0100000000011111
1010000010000000
0100000000101100
0100000000010010
0100000000010001
1010000000100100
1010000010110110
1000000000100011
1010000010111000
1000000000000001
0100000000001111
1010000011101111
0100000000010011
0010000000110010
1010000001100111
0100000000011011
0100000000101100
1010000000001000
0100000000000101
0100000000100100
1010000011010101
0110000000000010
0100000000110010
0010000101010001
1010000011111100
1010000010100011
0110000000001001
1010000110110001
0100000000000010
0100000000010110
0110000000010011
1010000111010101
1010000000101101
1010000000010010
0100000000100100
0100000000000110
0100000000100110
1010000111011011
0010000100011001
0100000000100100
0010001000111111
1010000100100100
0110000000001011
0100000000011110
0010001000111100
0100000000010101
1010000011101011
0100000000000011
0110000000010000
0100000000001000
0110000000001001
1010000011110110
0100000000000011
0100000000110010
1000000000000001
0100000000110001
1000000000000001
